0.00000270999880740419
0.00000504999945405871
0.00000843998859636486
0.00001257000025361776
0.00000811001576948911
0.00000733999186195433
0.00000937997479923069
0.00001169000170193613
0.00001378002692945302
0.00001612004591152072
0.00001976004801690578
0.00002220001071691513
0.00002635004464536905
0.00002944006817415357
0.00003256007097661495
0.00003747007576748729
0.00004117005039006471
0.00004576997831463814
0.00004957004450261593
0.00005425998009741306
0.00005920995492488146
0.00006469008047133685
0.00007059997878968715
0.00007607994135469198
0.00008169007487595082
0.00008711013011634349
0.00009339024312794208
0.00009944988414645195
0.00010687976144254208
0.00011229987256228924
0.00012132005766034126
0.00012510025873780251
0.00013465031981468200
0.00014238004572689534
0.00015382976271212102
0.00015728993341326713
0.00016792001202702521
0.00017397014424204825
0.00018251031637191772
0.00019338048994541168
0.00020141065120697022
0.00021296074613928794
0.00022104026749730110
0.00023065948858857154
0.00023573942482471466
0.00025230955332517625
0.00025914965197443963
0.00027364982292056085
0.00028247002512216568
0.00029439015313982965
0.00030343022197484967
0.00032198004424571991
0.00033152021467685699
0.00033816024661064147
0.00035178963094949721
0.00036901984363794325
0.00037666067481040955
0.00038495026528835298
0.00040060997009277343
0.00041574064642190933
0.00042436085641384125
0.00044644955545663833
0.00046560894697904586
0.00046850945800542833
0.00050027985125780108
0.00050739955157041549
0.00051339976489543919
0.00052704025059938434
0.00053776014596223836
0.00055455982685089107
0.00056984033435583117
0.00058422069996595378
0.00059795953333377841
0.00061343923211097716
0.00063932888209819797
0.00065854810178279878
0.00067072972655296331
0.00069513119757175440
0.00070970140397548672
0.00072339057922363279
0.00073161944746971133
0.00074813857674598699
0.00077726878225803375
0.00079026095569133758
0.00080866269767284390
0.00082287162542343144
0.00084671095013618466
0.00086598984897136690
0.00088614903390407565
0.00090338826179504395
0.00091782763600349430
0.00094058871269226069
0.00095626205205917364
0.00099185109138488770
0.00100650981068611139
0.00101812928915023804
0.00102709829807281485
0.00107086732983589176
0.00108854830265045174
