0.00000251999910688028
0.00000402000092435628
0.00000585999398026615
0.00000776000088080764
0.00000970000633969903
0.00001183999353088439
0.00001361999195069075
0.00001531999907456339
0.00001748001202940941
0.00001967001007869840
0.00001316000940278172
0.00000786000164225697
0.00000851000426337123
0.00000919000711292028
0.00000980000593699515
0.00001040000584907830
0.00001111000310629606
0.00001172999269329011
0.00001235998817719519
0.00001292999018914998
0.00001381999230943620
0.00001453999546356499
0.00001508999965153635
0.00001572000328451395
0.00001639000722207129
0.00001704001100733876
0.00001768001238815486
0.00001831001602113247
0.00001905001816339791
0.00001949001452885568
0.00002027001231908798
0.00002099001081660390
0.00002165001118555665
0.00002197001129388809
0.00002297997940331697
0.00002349996939301491
0.00002430997323244810
0.00002497997833415866
0.00002550998004153371
0.00002627998357638717
0.00002684998093172908
0.00002742998301982880
0.00002835998777300119
0.00002896999008953571
0.00002938999328762293
0.00002989999717101455
0.00003095000283792615
0.00003152000484988094
0.00003203000873327255
0.00003263001330196857
0.00003322001546621323
0.00003409001976251602
0.00003491002367809415
0.00003544002305716276
0.00003596002701669932
0.00003677003318443894
0.00003718003630638123
0.00003794003743678331
0.00003863002173602581
0.00003916001878678799
0.00003984002396464348
0.00004052002914249897
0.00004135003313422203
0.00004206002689898014
0.00004269003402441740
0.00004332003649324179
0.00004370003473013639
0.00004469004925340414
0.00004520001821219921
0.00004571998491883278
0.00004650997929275036
0.00004732997622340918
0.00004780996125191450
0.00004856997635215521
0.00004922998603433370
0.00004978996235877276
0.00005036997143179178
0.00005099000409245491
0.00005146999377757311
0.00005236998200416565
0.00005284001585096121
0.00005369998980313540
0.00005405998323112726
0.00005469000898301601
0.00005525001324713230
0.00005583999678492546
0.00005645000375807286
0.00005697004031389952
0.00005743002053350210
0.00005803998559713364
0.00005876003764569759
0.00005914003588259220
0.00006008001044392586
0.00006061999592930078
0.00006135993637144565
0.00006177998147904873
0.00006262995768338442
0.00006296995095908642
0.00006384998559951782
