0.00000263999914750457
0.00000627999135758728
0.00001110999961383641
0.00001785999862477183
0.00002429001498967409
0.00003368008416146040
0.00004286003764718771
0.00002220003632828593
0.00002194004133343696
0.00002647004555910826
0.00003264005994424224
0.00003784005995839834
0.00004396001808345318
0.00005065992008894682
0.00005587991327047348
0.00006406004540622234
0.00007304992526769638
0.00008156996220350266
0.00008714001625776291
0.00009539014659821987
0.00010595005936920642
0.00011606970801949500
0.00012607987038791181
0.00013713003136217594
0.00014705004170536995
0.00015839014202356338
0.00016899023205041886
0.00018340986222028732
0.00019270058721303939
0.00020607057958841324
0.00021892033517360688
0.00023476969450712205
0.00024817960336804391
0.00026548041030764578
0.00027951018884778025
0.00029343988746404647
0.00031154012307524679
0.00032633941620588305
0.00034578993916511535
0.00035841006785631180
0.00037763968110084535
0.00039733938872814177
0.00041224021464586258
0.00043134037405252458
0.00045532997697591784
0.00047684963792562487
0.00049018085002899175
0.00051652032881975172
0.00053547974675893784
0.00055656936019659047
0.00057436946779489519
0.00059887986630201338
0.00064326889812946317
0.00064277872443199160
0.00066676892340183263
0.00069090060889720917
0.00071416206657886510
0.00073966100811958310
0.00076894991099834447
0.00078922927379608153
0.00082083858549594877
0.00084258735179901126
0.00086841836571693420
0.00089743092656135559
0.00092446111142635351
0.00095380038022994994
0.00098515957593917850
0.00101030901074409488
0.00103898890316486366
0.00107375994324684140
0.00109779231250286104
0.00112896114587783818
0.00116593070328235631
0.00119503945112228401
0.00122436881065368652
0.00126337036490440377
0.00128991693258285523
0.00133079543709754941
0.00135449498891830437
0.00138858526945114143
0.00142432257533073423
0.00145951554179191579
0.00149316459894180300
0.00152944326400756832
0.00157038077712059023
0.00160371035337448110
0.00163975000381469719
0.00167658999562263493
0.00171492755413055415
0.00175481811165809640
0.00179279685020446774
0.00183015584945678701
0.00187051534652709966
0.00191285654902458198
0.00195066556334495540
0.00199073567986488356
0.00203281536698341359
0.00207689300179481496
0.00211752235889434799
