0.00000087000022176653
0.00000119000033009797
0.00000178999951458536
0.00000219999928958714
0.00000284999783616513
0.00000339999853167683
0.00000371999864000827
0.00000451999891083688
0.00000489999947603792
0.00000583999906666577
0.00000617999932728708
0.00000604000000748783
0.00000248999887844548
0.00000272999925073236
0.00000333999894792214
0.00000291999924229458
0.00000308999995468184
0.00000328999856719747
0.00000331999908667058
0.00000353999872459099
0.00000426999758929014
0.00000402999867219478
0.00000421999749960378
0.00000437999842688441
0.00000452999840490520
0.00000478999805636704
0.00000496999884489924
0.00000539999920874834
0.00000593999808188528
0.00000620999955572188
0.00000629000016488135
0.00000628999958280474
0.00000638000026810914
0.00000634999829344451
0.00000630999973509461
0.00000622999912593514
0.00000678000098560005
0.00000708000035956502
0.00000768000027164817
0.00000747999816667289
0.00000674999784678221
0.00000775999797042459
0.00000822999922093004
0.00000761999923270196
0.00000840999768115580
0.00000823000038508326
0.00000834999955259263
0.00000843000016175210
0.00000994999893009663
0.00000917000055778772
0.00000940000056289136
0.00000949000008404255
0.00000912999908905476
0.00001024999888613820
0.00001016000052914023
0.00001008000108413398
0.00001063000177964568
0.00001160999876447022
0.00001172000076621771
0.00001020000083371997
0.00001052999868988991
0.00001190999755635858
0.00001193000236526132
0.00001132999663241208
0.00001249000197276473
0.00001089000143110752
0.00001270000240765512
0.00001200999948196113
0.00001206000219099224
0.00001251999987289309
0.00001191999996080995
0.00001299999887123704
0.00001357999630272388
0.00001405000104568899
0.00001358000095933676
0.00001301999669522047
0.00001477999961934984
0.00001345999771729112
0.00001603999873623252
0.00001490999944508076
0.00001422000117599964
0.00001477999961934984
0.00001439000596292317
0.00001635000458918512
0.00001563000027090311
0.00001492999959737062
0.00001446999609470368
0.00001614999957382679
0.00001453999779187143
0.00001691999961622059
0.00001622000127099454
0.00001664999872446060
0.00001617000438272953
0.00001588000217452645
0.00001754000317305327
0.00001739000203087926
0.00001783000305294991
0.00001831000205129385
0.00001698000356554985
