0.00000014000002011016
0.00000013000001672481
0.00000013000001672481
0.00000011000000995409
0.00000013000001672481
0.00000012000001333945
0.00000013000001672481
0.00000011000000995409
0.00000013000001672481
0.00000001999999994950
0.00000012000001333945
0.00000011000000995409
0.00000012000001333945
0.00000013000001672481
0.00000012000001333945
0.00000011000000995409
0.00000012000001333945
0.00000013000001672481
0.00000014000002011016
0.00000011000000995409
0.00000012000001333945
0.00000014000002011016
0.00000014000002011016
0.00000011000000995409
0.00000014000002011016
0.00000013000001672481
0.00000011000000995409
0.00000012000001333945
0.00000011000000995409
0.00000012000001333945
0.00000014000002011016
0.00000010000000656873
0.00000012000001333945
0.00000012000001333945
0.00000013000001672481
0.00000012000001333945
0.00000012000001333945
0.00000012000001333945
0.00000012000001333945
0.00000012000001333945
0.00000013000001672481
0.00000013000001672481
0.00000013000001672481
0.00000012000001333945
0.00000011000000995409
0.00000012000001333945
0.00000012000001333945
0.00000011000000995409
0.00000012000001333945
0.00000012000001333945
0.00000018000002455665
0.00000011000000995409
0.00000012000001333945
0.00000012000001333945
0.00000013000001672481
0.00000011000000995409
0.00000011000000995409
0.00000012000001333945
0.00000017000002117129
0.00000011000000995409
0.00000012000001333945
0.00000013000001672481
0.00000012000001333945
0.00000012000001333945
0.00000012000001333945
0.00000013000001672481
0.00000012000001333945
0.00000011000000995409
0.00000012000001333945
0.00000011000000995409
0.00000012000001333945
0.00000003999999989901
0.00000003999999989901
0.00000004999999873689
0.00000003999999989901
0.00000003999999989901
0.00000003000000106113
0.00000003999999989901
0.00000003000000106113
0.00000003000000106113
0.00000003000000106113
0.00000003999999989901
0.00000003999999989901
0.00000001999999994950
0.00000012000001333945
0.00000012000001333945
0.00000013000001672481
0.00000011000000995409
0.00000012000001333945
0.00000012000001333945
0.00000012000001333945
0.00000000000000000000
0.00000013000001672481
0.00000012000001333945
0.00000011000000995409
0.00000013000001672481
0.00000015000002349552
0.00000012000001333945
0.00000012000001333945
