0.00000041000010241987
0.00000079000019468367
0.00000112000030640047
0.00000147999977343716
0.00000187000026926398
0.00000304999935906380
0.00000772000057622790
0.00000872000702656805
0.00001010000472888351
0.00001112000551074743
0.00001210998743772507
0.00001321999123319983
0.00001471999567002058
0.00000515000079758465
0.00000548999756574631
0.00000588999479077756
0.00000618999358266592
0.00000655999465379864
0.00000696999602951109
0.00000736999849323183
0.00000770000042393804
0.00000802000227849931
0.00000841000408399850
0.00000876000616699457
0.00000972000707406551
0.00000947000633459538
0.00000989000545814633
0.00001019000541418791
0.00001060000620782375
0.00001085000578314066
0.00001127999974414706
0.00001176999066956341
0.00001314998720772564
0.00001236998825334013
0.00001277999021112919
0.00001307999133132398
0.00001343999174423516
0.00001391999307088554
0.00001422999426722527
0.00001455999561585486
0.00001504999818280339
0.00001523999962955713
0.00001564000267535448
0.00001598000410012901
0.00001636000699363649
0.00001682000933215022
0.00001711001154035330
0.00001751001225784421
0.00001783001353032887
0.00001823001541197300
0.00001855001784861088
0.00001891001942567527
0.00001935001462697983
0.00001988001400604844
0.00002003001049160957
0.00002035001059994102
0.00002073001116514206
0.00002116000978276134
0.00002148000989109278
0.00002184001263231039
0.00002219001064077020
0.00002249000361189246
0.00002290997188538313
0.00002334996825084090
0.00002367997076362371
0.00002399997320026159
0.00002438997384160757
0.00002474997658282518
0.00002513997722417116
0.00002547997981309891
0.00002578997984528541
0.00002621998079121113
0.00002663997933268547
0.00002685997867956757
0.00002733998000621796
0.00002767998259514570
0.00002801998518407345
0.00002899998566135764
0.00002881998894736171
0.00002969999099150300
0.00002947999397292733
0.00002990999491885304
0.00003024999750778079
0.00003068000078201294
0.00003097000066190958
0.00003137000370770693
0.00003174000652506948
0.00003205000888556242
0.00003257001284509898
0.00003283001249656081
0.00003319001523777842
0.00003354001790285110
0.00003395001869648695
0.00003434002166613936
0.00003463001921772957
0.00003505002241581679
0.00003531002206727863
0.00003577002556994557
0.00003617002861574292
