0.00000009000000318338
0.00002876998391002417
0.00004032996483147144
0.00003277000971138477
0.00004438002593815327
0.00005690999794751405
0.00007238000631332398
0.00008380001410841942
0.00009658992290496826
0.00010991999879479408
0.00012560003437101842
0.00014173005707561969
0.00015593994408845901
0.00016863003373146057
0.00018399005755782128
0.00019738003611564637
0.00021193012595176696
0.00022740008309483529
0.00023807013407349585
0.00025513982400298118
0.00027031982317566873
0.00028710979968309401
0.00030468005686998365
0.00031683981418609617
0.00033631000667810440
0.00034813985228538514
0.00036227010190486908
0.00038040995597839357
0.00039454992860555650
0.00041152000427246093
0.00042401012033224108
0.00043842997401952741
0.00045572012662887574
0.00047044999897480013
0.00048853002488613128
0.00050248004496097562
0.00051323004066944128
0.00053079977631568913
0.00054726988077163701
0.00056185994297266008
0.00057740021497011186
0.00059267975389957431
0.00061582013964653012
0.00063380002975463865
0.00064838990569114684
0.00066468998789787287
0.00067399002611637118
0.00069734990596771241
0.00071385994553565982
0.00072964981198310854
0.00074175000190734863
0.00075418025255203248
0.00077550008893013001
0.00079479984939098355
0.00081244006752967835
0.00083208009600639339
0.00084089972078800197
0.00085816994309425351
0.00087352000176906582
0.00088809967041015626
0.00090391017496585849
0.00091710008680820462
0.00093252986669540401
0.00095377996563911433
0.00097573988139629361
0.00099448978900909426
0.00100150994956493388
0.00101881980895996089
0.00103791967034339906
0.00105017006397247316
0.00106525979936122894
0.00108205996453762058
0.00109209015965461721
0.00111672006547451023
0.00113153003156185161
0.00115098990499973297
0.00116555988788604728
0.00117611013352870932
0.00119518011808395375
0.00121414989233016970
0.00122575029730796824
0.00124597005546092979
0.00125625982880592344
0.00128365010023117070
0.00130437999963760386
0.00132529973983764649
0.00133864983916282660
0.00135080054402351383
0.00137809038162231448
0.00139400988817214963
0.00141067042946815499
0.00142206966876983637
0.00143309965729713443
0.00145585983991622933
0.00148245990276336666
0.00149694964289665217
0.00151357010006904604
0.00152988985180854795
0.00154386013746261592
0.00156322017312049855
