0.00000064000014390331
0.00001000000396743417
0.00001941000577062368
0.00002907999092712998
0.00003863002639263869
0.00002628998132422566
0.00001919001573696733
0.00002249999670311809
0.00002561997855082154
0.00002890998963266611
0.00003231000853702426
0.00003518002340570092
0.00003833002410829068
0.00004189002793282270
0.00004486003424972296
0.00004776996094733477
0.00005123998504132032
0.00005500001367181540
0.00005769000854343176
0.00006045999936759472
0.00006408998277038336
0.00006736998446285725
0.00007039999589323997
0.00007324000820517540
0.00007671999279409647
0.00008015000261366368
0.00008317003026604652
0.00008613002486526966
0.00008942005224525929
0.00009323996491730213
0.00009603993967175484
0.00009879995137453079
0.00010236000642180443
0.00010584999807178975
0.00010864998213946819
0.00011187001131474971
0.00011506003327667714
0.00011863005347549916
0.00012160002253949642
0.00012457997538149358
0.00012767993845045567
0.00013039994984865189
0.00013444997370243072
0.00013723000884056092
0.00014091001823544503
0.00014416003599762917
0.00014713001437485218
0.00015004001557826995
0.00015332998707890511
0.00015697997063398360
0.00015962997451424599
0.00016158994287252427
0.00016613997519016266
0.00016989998519420624
0.00017255000770092011
0.00017529003322124480
0.00017892004922032356
0.00018300006166100503
0.00018538994714617729
0.00018817000091075897
0.00019466990604996681
0.00019525999203324319
0.00019765997305512428
0.00020119989290833472
0.00020444003865122796
0.00020833997055888176
0.00021082008257508278
0.00021390009671449662
0.00021722991019487381
0.00022142998874187471
0.00022365989163517953
0.00022646011784672738
0.00022969994693994522
0.00023409010842442512
0.00023621015250682831
0.00023923994973301888
0.00024246014654636384
0.00024702986702322959
0.00024868996813893319
0.00025219002738595007
0.00025524992495775225
0.00025973010808229448
0.00025953005999326709
0.00026491004973649979
0.00026815006509423256
0.00027302008122205736
0.00027417013421654701
0.00027757989242672922
0.00028089012950658796
0.00028577981516718864
0.00028710002079606055
0.00029046999290585520
0.00029042014852166177
0.00029841015115380289
0.00029970996081829071
0.00030328005552291868
0.00030599994584918022
0.00031136000528931619
0.00031295008957386015
0.00031555987894535067
