0.00002609997987747192
0.00006169000640511513
0.00005424995906651020
0.00004808997269719839
0.00006636000238358974
0.00008452000096440316
0.00009739997796714305
0.00011567001231014728
0.00013431995175778867
0.00015415002591907977
0.00017429003491997719
0.00019556997343897820
0.00021780002862215042
0.00023891001939773559
0.00026047002524137497
0.00028493002057075503
0.00030716000124812124
0.00032956000417470931
0.00035515002906322479
0.00038039997220039366
0.00040608011186122895
0.00043007992208003997
0.00045484002679586411
0.00047938995063304899
0.00051071014255285260
0.00053684007376432420
0.00056250993162393565
0.00058744009584188461
0.00061889000236988064
0.00064410999417304990
0.00067531019449234013
0.00070101007819175717
0.00072994008660316463
0.00077171005308628081
0.00079907022416591644
0.00082007013261318205
0.00084908008575439457
0.00088012985885143279
0.00091630011796951295
0.00094244003295898440
0.00097813017666339877
0.00101153016090393066
0.00104312993586063384
0.00106658995151519775
0.00110504984855651855
0.00113031998276710518
0.00116769991815090179
0.00120825015008449552
0.00123677961528301239
0.00126642003655433647
0.00129982009530067440
0.00133332997560501091
0.00137459993362426753
0.00140354976058006294
0.00144549012184143062
0.00147635027766227726
0.00151473969221115122
0.00155526995658874503
0.00158915996551513674
0.00162096992135047908
0.00166728004813194281
0.00170095995068550118
0.00173530980944633481
0.00178399011492729191
0.00181570991873741144
0.00186679989099502574
0.00187751010060310374
0.00192542999982833860
0.00195833966135978716
0.00208115994930267332
0.00204043045639991762
0.00206336021423339858
0.00210610061883926376
0.00218381002545356764
0.00220997020602226252
0.00222839012742042557
0.00226447999477386464
0.00230283007025718685
0.00234247937798500068
0.00240696042776107795
0.00242734000086784361
0.00245800971984863267
0.00250589996576309213
0.00256341964006423940
0.00259241938591003428
0.00264666914939880359
0.00267413973808288590
0.00271117031574249264
0.00275910079479217522
0.00281972944736480708
0.00286283046007156355
0.00290285021066665665
0.00293983966112136823
0.00298607021570205687
0.00302063018083572384
0.00307491987943649299
0.00310835957527160660
0.00314119070768356309
0.00320369005203247070
