0.00001581999706104398
0.00003139000153169036
0.00001641000737436116
0.00002270999597385526
0.00002977999160066247
0.00003593002678826451
0.00004270003177225590
0.00004946996923536062
0.00006165002007037401
0.00006411998998373747
0.00007135997060686350
0.00007902999408543110
0.00008602005429565907
0.00009328999556601047
0.00010092999786138534
0.00010802996344864368
0.00011552996933460236
0.00012288991361856461
0.00013065992854535580
0.00013819993473589419
0.00014643998816609382
0.00015451995655894280
0.00016218997538089753
0.00017053002491593361
0.00017840007320046424
0.00018590001389384269
0.00019405003637075425
0.00020143000409007073
0.00020947003737092017
0.00021777004003524779
0.00022598009556531906
0.00023371012881398201
0.00024207020178437232
0.00024972008541226389
0.00025824008509516715
0.00026619017124176027
0.00027468007057905195
0.00028301987797021868
0.00029084995388984681
0.00029876999557018282
0.00030715983361005782
0.00031669981777668002
0.00032383989542722702
0.00033246003091335296
0.00034040000289678571
0.00034862007945775988
0.00035767011344432830
0.00036546014249324801
0.00037464004009962081
0.00038315996527671814
0.00039272993803024292
0.00040083989500999450
0.00041167002171278001
0.00041714996099472045
0.00043545007705688479
0.00043453000485897062
0.00044354997575283048
0.00045099012553691866
0.00046094000339508056
0.00046788994222879410
0.00047739002853631975
0.00048547990620136263
0.00050030004233121868
0.00050881002098321913
0.00051065005362033839
0.00051898989826440814
0.00052856992930173875
0.00053621996194124226
0.00054593011736869812
0.00055256001651287083
0.00056258995085954665
0.00057069011032581326
0.00058138996362686155
0.00058875985443592068
0.00059772007167339328
0.00060664005577564244
0.00061507988721132278
0.00062458984553813933
0.00063375011086463928
0.00064145006239414216
0.00064944006502628323
0.00065886005759239195
0.00066638991236686704
0.00067585989832878116
0.00068459980189800257
0.00069383025169372564
0.00070254981517791748
0.00071276977658271787
0.00072074003517627713
0.00072969980537891384
0.00073918998241424556
0.00074932999908924099
0.00075687013566493988
0.00077528983354568481
0.00077555984258651737
0.00078426994383335108
0.00079369999468326569
0.00080174006521701810
0.00081117011606693270
