0.00005574002861976624
0.00020495997741818429
0.00015207003802061080
0.00026634018868207929
0.00041302010416984560
0.00059201978147029879
0.00080260008573532107
0.00104550011456012721
0.00132031962275505057
0.00162761971354484568
0.00196644976735115039
0.00233893036842346179
0.00274040877819061281
0.00317546039819717419
0.00364351898431777973
0.00414307922124862709
0.00467321991920471164
0.00524054944515228282
0.00583373010158538818
0.00646161079406738260
0.00711862087249755856
0.00781088113784790018
0.00853447079658508322
0.00929144024848937988
0.01007706880569458029
0.01089640378952026409
0.01175113677978515542
0.01263643145561218345
0.01354739785194396945
0.01450193762779235923
0.01547711610794067459
0.01648946523666381878
0.01753136754035949582
0.01860791683197021359
0.01971658587455749415
0.02085695028305053697
0.02202762126922607269
0.02323130846023559529
0.02446926355361938449
0.02574503421783447266
0.02703632354736328069
0.02837018966674804618
0.02974308013916015722
0.03113267660140991294
0.03255623340606689231
0.03401921272277832337
0.03551858663558959961
0.03704849958419800110
0.03859471082687378207
0.04018506526947021595
0.04181163787841796903
0.04346336841583251648
0.04514622688293457031
0.04685611248016357394
0.04860974788665771429
0.05039606571197510071
0.05219875335693359431
0.05404692649841308372
0.05592412471771240207
0.05783881187438964788
0.05977023124694823969
0.06174627780914306724
0.06377357959747315119
0.06579051494598388283
0.06785415649414063000
0.06996218681335449052
0.07209763526916504461
0.07425722122192382479
0.07645128726959228571
0.07871544837951660600
0.08094983100891113559
0.08324831962585449441
0.08556084632873535434
0.08791845321655272771
0.09031825065612793246
0.09273236274719237615
0.09518808364868164285
0.09767402648925781194
0.10019342422485351396
0.10274333953857421597
0.10532619476318359764
0.10796625137329102229
0.11061450004577637329
0.11327476501464843472
0.11598638534545897827
0.11872604370117187389
0.12150183677673340177
0.12430401802062988892
0.12713588714599610707
0.13000317573547362504
0.13290765762329101451
0.13582705497741698331
0.13878523826599120650
0.14178048133850096324
0.14480648994445799449
0.14786619186401367410
0.15095798492431641846
0.15407676696777344860
0.15723580360412597878
