0.00000014000002011016
0.00000012000001333945
0.00000011000000995409
0.00000014000002011016
0.00000020000003132736
0.00000033000007533701
0.00000033000007533701
0.00000049000012950273
0.00000085000021499582
0.00000138999996124767
0.00000215000021853484
0.00000399999815272167
0.00000558999658096582
0.00000891000614501536
0.00001423999434337020
0.00001410998753271997
0.00001235998817719519
0.00002006001072004437
0.00003308000974357128
0.00005257998127490282
0.00008514998480677605
0.00014152011834084988
0.00022245986387133598
0.00035928014665842056
0.00058047041296958922
0.00093978933990001678
0.00152126982808113102
0.00246210053563117965
0.00399326175451278700
0.00647354781627655033
0.01043502926826476995
0.01686585903167724457
0.02729014635086059529
0.04414703369140624695
0.07143394947052002231
0.11562176704406738892
0.18697645187377928688
0.30300870895385739745
0.48951927185058591308
