0.00000011000000995409
0.00000011000000995409
0.00000020000003132736
0.00000012000001333945
0.00000011000000995409
0.00000017000002117129
0.00000018000002455665
0.00000021000003471272
0.00000016000001778593
0.00000023000004148344
0.00000024000004486879
0.00000026000005163951
0.00000026000005163951
0.00000030000006518094
0.00000033000007533701
0.00000034000007872237
0.00000032000007195165
0.00000042000010580523
0.00000050000013288809
0.00000012000001333945
0.00000040000009903451
0.00000042000010580523
0.00000041000010241987
0.00000045000011596130
0.00000041000010241987
0.00000049000012950273
0.00000047000012273202
0.00000049000012950273
0.00000059000016335631
0.00000058000015997095
0.00000052000013965880
0.00000058000015997095
0.00000062000013713259
0.00000064000014390331
0.00000067000015405938
0.00000060000016674167
0.00000060000016674167
0.00000067000015405938
0.00000075000018114224
0.00000068000015744474
0.00000069000016083010
0.00000077000018791296
0.00000072000017098617
0.00000075000018114224
0.00000078000019129831
0.00000080000019806903
0.00000088000022515189
0.00000083000020822510
0.00000084000021161046
0.00000088000022515189
0.00000088000022515189
0.00000098000025900546
0.00000058000015997095
0.00000077000018791296
0.00000086000021838117
0.00000092000023869332
0.00000090000023192260
0.00000094000024546403
0.00000094000024546403
0.00000098000025900546
0.00000101000026916154
0.00000101000026916154
0.00000101000026916154
0.00000104000027931761
0.00000105000028270297
0.00000108000029285904
0.00000108000029285904
0.00000107000028947368
0.00000125000035041012
0.00000112000030640047
0.00000113000030978583
0.00000115000031655654
0.00000118000032671262
0.00000114000031317119
0.00000122000034025405
0.00000123000034363940
0.00000122000034025405
0.00000124000027426518
0.00000126000028103590
0.00000128000028780662
0.00000141999975312501
0.00000129000007291324
0.00000135000009322539
0.00000136000002385117
0.00000143999990541488
0.00000135000009322539
0.00000135999973281287
0.00000139999989187345
0.00000140999996801838
0.00000142999982926995
0.00000143999975989573
0.00000141999975312501
0.00000147999977343716
0.00000147999977343716
0.00000150999971083365
0.00000150999985635281
0.00000154999972437508
0.00000154999972437508
0.00000155999980052002
0.00000158999973791651
0.00000158999973791651
0.00000166999991051853
0.00000162999975145794
0.00000163999968208373
0.00000210999874980189
0.00000060000016674167
0.00000055000014981488
0.00000058000015997095
0.00000058000015997095
0.00000059000016335631
0.00000059000016335631
0.00000060000016674167
0.00000056000015320024
0.00000060000016674167
0.00000059000016335631
0.00000061000017012702
0.00000059000016335631
0.00000064000014390331
0.00000067000015405938
0.00000064000014390331
0.00000064000014390331
0.00000062000013713259
0.00000063000014051795
0.00000069000016083010
0.00000067000015405938
0.00000066000015067402
0.00000068000015744474
0.00000068000015744474
0.00000064000014390331
0.00000068000015744474
0.00000069000016083010
0.00000069000016083010
0.00000070000016421545
0.00000069000016083010
0.00000074000017775688
0.00000069000016083010
0.00000070000016421545
0.00000072000017098617
0.00000072000017098617
0.00000073000017437153
0.00000074000017775688
0.00000075000018114224
0.00000075000018114224
0.00000076000018452760
0.00000076000018452760
0.00000078000019129831
0.00000077000018791296
0.00000076000018452760
0.00000079000019468367
0.00000076000018452760
0.00000079000019468367
0.00000082000020483974
0.00000074000017775688
0.00000079000019468367
0.00000082000020483974
0.00000081000020145439
0.00000084000021161046
0.00000083000020822510
0.00000086000021838117
0.00000087000022176653
0.00000082000020483974
0.00000083000020822510
0.00000084000021161046
0.00000086000021838117
0.00000088000022515189
0.00000085000021499582
0.00000091000023530796
0.00000087000022176653
0.00000087000022176653
0.00000086000021838117
0.00000088000022515189
0.00000088000022515189
0.00000091000023530796
0.00000089000022853725
0.00000091000023530796
0.00000092000023869332
0.00000093000024207868
0.00000093000024207868
0.00000093000024207868
0.00000091000023530796
0.00000094000024546403
0.00000096000025223475
0.00000097000025562011
0.00000100000026577618
0.00000100000026577618
0.00000030000006518094
0.00000091000023530796
0.00000096000025223475
0.00000096000025223475
0.00000098000025900546
0.00000098000025900546
0.00000098000025900546
0.00000099000026239082
0.00000099000026239082
0.00000101000026916154
0.00000101000026916154
0.00000100000026577618
0.00000108000029285904
0.00000102000027254689
0.00000103000027593225
0.00000104000027931761
0.00000104000027931761
0.00000102000027254689
0.00000107000028947368
0.00000110000029962976
0.00000105000028270297
0.00000108000029285904
0.00000109000029624440
0.00000108000029285904
0.00000107000028947368
0.00000105000028270297
0.00000110000029962976
0.00000110000029962976
0.00000109000029624440
0.00000110000029962976
0.00000111000030301511
0.00000116000031994190
0.00000117000032332726
0.00000112000030640047
0.00000111000030301511
0.00000120000033348333
0.00000110000029962976
0.00000116000031994190
0.00000115000031655654
0.00000108000029285904
0.00000117000032332726
0.00000116000031994190
0.00000120000033348333
0.00000115000031655654
0.00000118000032671262
0.00000119000033009797
0.00000120000033348333
0.00000127000006614253
0.00000121000033686869
0.00000120000033348333
0.00000122000034025405
0.00000123000034363940
0.00000120000033348333
0.00000127000021166168
0.00000122000034025405
0.00000124000027426518
0.00000130000014905818
0.00000129000021843240
0.00000131000007968396
0.00000126000013551675
0.00000129999985801987
0.00000127000021166168
0.00000131000007968396
0.00000130000014905818
0.00000130000014905818
0.00000120000033348333
0.00000132000001030974
0.00000126000013551675
0.00000129000007291324
0.00000129000007291324
0.00000130000014905818
0.00000131000007968396
0.00000133000008645467
0.00000132999994093552
0.00000129000021843240
0.00000134999980218709
0.00000139999989187345
0.00000134000001708046
0.00000137999973958358
0.00000134999980218709
0.00000136000002385117
0.00000136999980895780
0.00000137999988510273
0.00000136999995447695
0.00000136999980895780
0.00000139999989187345
0.00000138999981572852
0.00000138999981572852
0.00000139999989187345
0.00000140999982249923
0.00000141999989864416
0.00000140999982249923
0.00000145999976666644
0.00000140999982249923
0.00000143999990541488
0.00000143999990541488
0.00000142999968375079
0.00000142999982926995
0.00000142999997478910
0.00000134000016259961
0.00000146999984281138
0.00000143999961437657
0.00000146999969729222
0.00000146999984281138
0.00000150999971083365
0.00000146999969729222
0.00000145999976666644
0.00000153999979374930
0.00000150999971083365
0.00000151999978697859
0.00000146999984281138
0.00000149999963468872
0.00000152999986312352
0.00000157999980729073
0.00000151999964145944
0.00000153999979374930
0.00000153999979374930
0.00000153999979374930
0.00000150999985635281
0.00000160999974468723
0.00000154999986989424
0.00000156999987666495
0.00000154999972437508
0.00000154999972437508
0.00000154999972437508
0.00000157999980729073
0.00000162999975145794
0.00000157999980729073
0.00000166999976499937
0.00000166999961948022
0.00000163999982760288
0.00000142999982926995
0.00000162999975145794
0.00000159999995958060
0.00000162999975145794
0.00000163999982760288
0.00000163999982760288
0.00000166999976499937
0.00000164999990374781
0.00000164999975822866
0.00000166999991051853
0.00000164999975822866
0.00000167999984114431
0.00000169999984791502
0.00000168999977177009
0.00000169999984791502
0.00000168999991728924
0.00000170999992405996
0.00000170999977854080
0.00000172000000020489
0.00000174000000697561
0.00000170999992405996
0.00000177999987499788
0.00000171999985468574
0.00000170999977854080
0.00000174000000697561
0.00000172999978531152
0.00000174999993760139
0.00000173999986145645
0.00000166999976499937
0.00000178000002051704
0.00000178999995114282
0.00000180000002728775
0.00000176999994437210
0.00000178000002051704
0.00000178999995114282
0.00000180999995791353
0.00000178000002051704
0.00000178999995114282
0.00000181000010343269
0.00000181000010343269
0.00000183000011020340
0.00000181000010343269
0.00000185000011697412
0.00000184999997145496
0.00000191000028280541
0.00000186000004759990
0.00000185000011697412
0.00000185000011697412
0.00000185000011697412
0.00000186000019311905
0.00000185000026249327
0.00000191000028280541
0.00000187000012374483
0.00000187000026926398
0.00000191000013728626
0.00000189000027603470
0.00000189000013051555
0.00000192000021343119
0.00000190000020666048
0.00000189000027603470
0.00000191000028280541
0.00000194000036572106
0.00000193000028957613
0.00000204000054509379
0.00000192000021343119
0.00000195000044186600
0.00000192999999853782
0.00000200000053155236
0.00000166000041645020
0.00000198000052478164
0.00000196000037249178
0.00000196000037249178
0.00000199000045540743
0.00000199000045540743
0.00000198000052478164
0.00000202000053832307
0.00000199000045540743
0.00000200000053155236
0.00000200000053155236
0.00000200000053155236
0.00000202000053832307
0.00000205000062123872
0.00000202000053832307
0.00000209000063478015
0.00000202000039280392
0.00000206000040634535
0.00000204000039957464
0.00000203000061446801
0.00000209000034374185
0.00000205000047571957
0.00000205000047571957
0.00000206000040634535
0.00000207000033697113
0.00000209000048926100
0.00000208000041311607
0.00000208000026759692
0.00000215000021853484
0.00000209000034374185
0.00000211000035051256
0.00000212000028113835
0.00000212000028113835
0.00000219000008655712
0.00000212000028113835
0.00000218000015593134
0.00000209000034374185
0.00000213000021176413
0.00000214000028790906
0.00000213000035728328
0.00000215000036405399
0.00000216000014916062
0.00000218000015593134
0.00000217000007978640
0.00000218000001041219
0.00000218000001041219
0.00000219000008655712
0.00000222000002395362
0.00000220000001718290
0.00000223999988520518
0.00000217999986489303
0.00000227999989874661
0.00000220999994780868
0.00000221000009332784
0.00000222999995457940
0.00000226999967708252
0.00000222000002395362
0.00000224999996135011
0.00000224999981583096
0.00000223999988520518
0.00000225999974645674
0.00000225999989197589
0.00000226999982260168
0.00000227999975322746
0.00000231999976676889
0.00000235999948927201
0.00000228999982937239
0.00000229999961447902
0.00000227999975322746
0.00000239999950281344
0.00000229999975999817
0.00000229999975999817
0.00000237999920500442
0.00000235999948927201
0.00000232999955187552
0.00000233999948250130
0.00000233999948250130
0.00000233999962802045
0.00000232999969739467
0.00000239999935729429
0.00000238999942666851
0.00000235999948927201
0.00000234999941312708
0.00000236999941989779
0.00000234999941312708
0.00000240999943343922
0.00000237999935052358
0.00000236999941989779
0.00000237999920500442
0.00000241999921854585
0.00000240999928792007
0.00000241999936406501
0.00000242999914917164
0.00000244999915594235
0.00000244999915594235
0.00000243999907979742
0.00000245999923208728
0.00000244999886490405
0.00000244999915594235
0.00000248999858740717
0.00000248999887844548
0.00000254999875323847
0.00000244999886490405
0.00000246999901719391
0.00000247999880230054
0.00000250999873969704
0.00000247999909333885
0.00000253999838605523
0.00000249999895459041
0.00000250999873969704
0.00000251999881584197
0.00000250999873969704
0.00000251999881584197
0.00000252999860094860
0.00000252999860094860
0.00000251999881584197
0.00000257999810855836
0.00000256999832345173
0.00000253999867709354
0.00000259999826084822
0.00000257999839959666
0.00000255999824730679
0.00000254999846220016
0.00000258999818470329
0.00000259999826084822
0.00000256999832345173
0.00000258999818470329
0.00000259999826084822
0.00000263999798335135
0.00000259999826084822
0.00000265999784460291
0.00000262999790720642
0.00000264999805949628
0.00000259999855188653
0.00000262999819824472
0.00000262999819824472
0.00000263999798335135
0.00000263999798335135
0.00000264999805949628
0.00000264999805949628
0.00000263999769231305
0.00000262999819824472
0.00000264999805949628
0.00000265999784460291
0.00000266999792074785
0.00000266999762970954
0.00000267999770585448
0.00000273999787168577
0.00000269999756710604
0.00000264999805949628
0.00000268999749096110
0.00000270999764325097
0.00000278999737929553
0.00000276999751804397
0.00000273999758064747
0.00000271999742835760
0.00000278999737929553
0.00000275999744189903
0.00000274999765679240
0.00000267999799689278
0.00000274999736575410
0.00000278999737929553
0.00000277999759418890
0.00000278999708825722
0.00000284999696305022
0.00000276999722700566
0.00000275999715086073
0.00000278999737929553
0.00000278999737929553
0.00000282999710179865
0.00000279999716440216
0.00000282999739283696
0.00000281999702565372
0.00000281999731669202
0.00000284999696305022
0.00000286999711534008
0.00000283999717794359
0.00000286999711534008
0.00000284999725408852
0.00000291999662294984
0.00000286999711534008
0.00000284999696305022
0.00000285999703919515
0.00000286999711534008
0.00000292999699013308
0.00000291999691398814
0.00000289999676169828
0.00000290999683784321
0.00000289999705273658
0.00000295999663649127
0.00000291999691398814
0.00000290999683784321
0.00000290999683784321
0.00000286999769741669
0.00000293999706627801
0.00000292999669909477
0.00000290999654680490
0.00000293999706627801
0.00000284999783616513
0.00000300999672617763
0.00000300999672617763
0.00000298999686492607
0.00000300999701721594
0.00000296999671263620
0.00000297999678878114
0.00000297999678878114
0.00000297999678878114
0.00000301999680232257
0.00000299999665003270
0.00000301999680232257
0.00000300999672617763
0.00000304999673971906
0.00000300999672617763
0.00000302999687846750
0.00000299999665003270
0.00000308999704429880
0.00000306999689200893
0.00000304999703075737
0.00000304999703075737
0.00000306999689200893
0.00000306999689200893
0.00000305999681586400
0.00000305999710690230
0.00000308999704429880
0.00000312999734887853
0.00000308999704429880
0.00000307999696815386
0.00000308999704429880
0.00000315999699523672
0.00000309999712044373
0.00000309999712044373
0.00000312999734887853
0.00000315999728627503
0.00000312999705784023
0.00000314999750116840
0.00000311999698169529
0.00000311999727273360
0.00000314999721013010
0.00000314999721013010
0.00000319999759085476
0.00000316999765345827
0.00000317999743856490
0.00000313999713398516
0.00000321999745210633
0.00000319999729981646
0.00000320999766699970
0.00000318999722367153
0.00000318999751470983
0.00000321999745210633
0.00000321999774314463
0.00000326999783283100
0.00000320999737596139
0.00000322999752825126
0.00000326999783283100
0.00000325999775668606
0.00000326999783283100
0.00000327999790897593
0.00000324999768054113
0.00000323999760439619
0.00000327999761793762
0.00000323999760439619
0.00000326999783283100
0.00000326999754179269
0.00000328999769408256
0.00000327999761793762
0.00000338999787345529
0.00000328999769408256
0.00000336999830324203
0.00000331999763147905
0.00000329999777022749
0.00000328999769408256
0.00000333999807480723
0.00000332999799866229
0.00000330999784637243
0.00000324999768054113
0.00000333999807480723
0.00000332999770762399
0.00000336999772116542
0.00000335999793605879
0.00000337999808834866
0.00000335999793605879
0.00000335999793605879
0.00000341999839292839
0.00000336999801220372
0.00000337999808834866
0.00000339999824063852
0.00000337999808834866
0.00000341999839292839
0.00000340999802574515
0.00000342999817803502
0.00000340999831678346
0.00000341999810189009
0.00000341999810189009
0.00000342999846907333
0.00000341999839292839
0.00000344999833032489
0.00000344999803928658
0.00000349999871104956
0.00000349999871104956
0.00000345999869750813
0.00000358999881427735
0.00000346999877365306
0.00000341999810189009
0.00000350999849615619
0.00000352999864844605
0.00000349999842001125
0.00000348999863490462
0.00000349999871104956
0.00000353999872459099
0.00000350999878719449
0.00000353999872459099
0.00000353999872459099
0.00000350999878719449
0.00000350999907823279
0.00000352999864844605
0.00000361999933375046
0.00000350999849615619
0.00000357999902917072
0.00000356999924406409
0.00000355999887688085
0.00000353999872459099
0.00000358999910531566
0.00000362999911885709
0.00000358999910531566
0.00000356999895302579
0.00000356999895302579
0.00000360999925760552
0.00000359999889042228
0.00000359999918146059
0.00000359999889042228
0.00000360999896656722
0.00000362999911885709
0.00000365999963833019
0.00000360999896656722
0.00000364999927114695
0.00000361999933375046
0.00000365999934729189
0.00000364999927114695
0.00000363999919500202
0.00000367999949958175
0.00000365999934729189
0.00000369999965187162
0.00000364999956218526
0.00000368999957572669
0.00000371999951312318
0.00000365999934729189
0.00000370999943697825
0.00000369999936083332
0.00000365999905625358
0.00000369999965187162
0.00000372999958926812
0.00000371999951312318
0.00000371999980416149
0.00000372999958926812
0.00000375999952666461
0.00000372999958926812
0.00000374999974155799
0.00000374999974155799
0.00000371999951312318
0.00000375999981770292
0.00000385000021196902
0.00000374999974155799
0.00000375999981770292
0.00000379000004613772
0.00000377999996999279
0.00000388000044040382
0.00000379000004613772
0.00000377999996999279
0.00000388000044040382
0.00000383000035071746
0.00000383000035071746
0.00000383000005967915
0.00000381000019842759
0.00000384000013582408
0.00000383000035071746
0.00000384000013582408
0.00000384000013582408
0.00000387000036425889
0.00000390000059269369
0.00000387000036425889
0.00000388000044040382
0.00000387000036425889
0.00000388000044040382
0.00000387000065529719
0.00000386000028811395
0.00000390000059269369
0.00000390000059269369
0.00000390000088373199
0.00000390000059269369
0.00000392000074498355
0.00000392000074498355
0.00000393000082112849
0.00000393000082112849
0.00000395000068238005
0.00000396000075852498
0.00000402000092435628
0.00000391000037780032
0.00000393000053009018
0.00000400000106310472
0.00000403000100050122
0.00000393000053009018
0.00000396000075852498
0.00000399000098695979
0.00000397000083466992
0.00000397000083466992
0.00000400000077206641
0.00000401000113924965
0.00000399000098695979
0.00000400000106310472
0.00000404000107664615
0.00000401000113924965
0.00000402000121539459
0.00000412000139476731
0.00000407000130508095
0.00000404000107664615
0.00000404000107664615
0.00000404000136768445
0.00000407000101404265
0.00000405000115279108
0.00000402000121539459
0.00000405000115279108
0.00000408000138122588
0.00000406000122893602
0.00000406000151997432
0.00000410000124247745
0.00000413000117987394
0.00000408000109018758
0.00000409000145737082
0.00000408000109018758
0.00000411000131862238
0.00000417000119341537
0.00000411000131862238
0.00000403000100050122
0.00000410000124247745
0.00000416000111727044
0.00000417000119341537
0.00000418000126956031
0.00000415000133216381
0.00000415000162320212
0.00000414000125601888
0.00000415000133216381
0.00000415000133216381
0.00000421000149799511
0.00000416000140830874
0.00000421000149799511
0.00000417000148445368
0.00000418000126956031
0.00000420000142185018
0.00000425000151153654
0.00000419000134570524
0.00000422000157414004
0.00000421000149799511
0.00000420000142185018
0.00000428000173997134
0.00000424000143539160
0.00000425000151153654
0.00000430000160122290
0.00000425000151153654
0.00000425000151153654
0.00000427000137278810
0.00000426000158768147
0.00000425000151153654
0.00000433000153861940
0.00000429000152507797
0.00000434000161476433
0.00000422000128310174
0.00000428000144893304
0.00000431000167736784
0.00000434000161476433
0.00000432000146247447
0.00000430000160122290
0.00000434000161476433
0.00000434000161476433
0.00000434000190580264
0.00000431000167736784
0.00000435000169090927
0.00000433000153861940
0.00000434000161476433
0.00000433000153861940
0.00000434000132372603
0.00000437000184319913
0.00000442000164184719
0.00000438000162830576
0.00000437000184319913
0.00000440000148955733
0.00000435000139987096
0.00000440000178059563
0.00000443000171799213
0.00000441000185674056
0.00000439000170445070
0.00000447000173153356
0.00000442000164184719
0.00000443000171799213
0.00000443000142695382
0.00000444000179413706
0.00000442000164184719
0.00000448000209871680
0.00000451000174507499
0.00000447000173153356
0.00000446000194642693
0.00000442000193288550
0.00000449000217486173
0.00000448000209871680
0.00000447000173153356
0.00000450000195996836
0.00000450000195996836
0.00000448000180767849
0.00000461000192444772
0.00000449000188382342
0.00000456000212579966
0.00000450000195996836
0.00000453000218840316
0.00000452000211225823
0.00000455000234069303
0.00000453000218840316
0.00000453000218840316
0.00000456000241683796
0.00000455000234069303
0.00000455000204965472
0.00000455000234069303
0.00000460000213934109
0.00000458000227808952
0.00000459000206319615
0.00000462000229163095
0.00000459000235423446
0.00000462000229163095
0.00000460000213934109
0.00000459000206319615
0.00000458000198705122
0.00000462000229163095
0.00000461000250652432
0.00000464000215288252
0.00000460000213934109
0.00000467000238131732
0.00000462000229163095
0.00000465000252006575
0.00000467000267235562
0.00000464000215288252
0.00000468000245746225
0.00000465000252006575
0.00000466000230517238
0.00000461000250652432
0.00000471000239485875
0.00000468000245746225
0.00000468000245746225
0.00000474000262329355
0.00000473000254714861
0.00000469000224256888
0.00000467000238131732
0.00000470000260975212
0.00000476000277558342
0.00000473000283818692
0.00000474000262329355
0.00000473000254714861
0.00000470000231871381
0.00000472000247100368
0.00000476000277558342
0.00000475000240840018
0.00000480000220704824
0.00000479000300401822
0.00000477000285172835
0.00000478000263683498
0.00000481000286526978
0.00000479000271297991
0.00000468000245746225
0.00000483000272652134
0.00000478000263683498
0.00000481000286526978
0.00000483000243548304
0.00000482000265037641
0.00000482000294141471
0.00000484000338474289
0.00000481000286526978
0.00000486000295495614
0.00000486000295495614
0.00000488000310724601
0.00000482000294141471
0.00000486000295495614
0.00000486000295495614
0.00000486000295495614
0.00000486000324599445
0.00000486000295495614
0.00000486000295495614
0.00000494000269100070
0.00000487000303110108
0.00000489000289235264
0.00000496000167913735
0.00000490000296849757
0.00000489000289235264
0.00000490000296849757
0.00000491000304464251
0.00000496000284329057
0.00000492000312078744
0.00000494000269100070
0.00000494000269100070
0.00000494000210892409
0.00000492000370286405
0.00000496000284329057
0.00000500000256579369
0.00000487000274006277
0.00000495000276714563
0.00000498000299558043
0.00000498000299558043
0.00000497000291943550
0.00000499000248964876
0.00000500000256579369
0.00000500000256579369
0.00000504000228829682
0.00000501000264193863
0.00000502000271808356
0.00000501000264193863
0.00000502000271808356
0.00000502000271808356
0.00000502000271808356
0.00000504000228829682
