0.00000038000009226380
0.00000043000010919059
0.00000027000005502487
0.00000034000007872237
0.00000040000009903451
0.00000037000008887844
0.00000033000007533701
0.00000042000010580523
0.00000046000011934666
0.00000030000006518094
0.00000034000007872237
0.00000046000011934666
0.00000004999999873689
0.00000040000009903451
0.00000035000008210773
0.00000045000011596130
0.00000044000011257594
0.00000039000009564916
0.00000046000011934666
0.00000041000010241987
0.00000049000012950273
0.00000054000014642952
0.00000050000013288809
0.00000070000009145588
0.00000051000013627345
0.00000038000009226380
0.00000048000012611737
0.00000041000010241987
0.00000044000011257594
0.00000053000014304416
0.00000036000008549308
0.00000049000012950273
0.00000033000007533701
0.00000053000014304416
0.00000049000012950273
0.00000045000011596130
0.00000052000013965880
0.00000015000002349552
0.00000053000014304416
0.00000045000011596130
0.00000059000016335631
0.00000057000015658559
0.00000054000014642952
0.00000056000015320024
0.00000052000013965880
0.00000055000014981488
0.00000047000012273202
0.00000052000013965880
0.00000045000011596130
