0.00000014000002011016
0.00000011000000995409
0.00000007999999979802
0.00000010000000656873
0.00000014000002011016
0.00000009000000318338
0.00000010000000656873
0.00000010000000656873
0.00000010000000656873
0.00000010000000656873
0.00000011000000995409
0.00000011000000995409
0.00000011000000995409
0.00000010000000656873
0.00000009000000318338
0.00000010000000656873
0.00000010000000656873
0.00000010000000656873
0.00000011000000995409
0.00000013000001672481
0.00000010000000656873
0.00000010000000656873
0.00000010000000656873
0.00000012000001333945
0.00000010000000656873
0.00000011000000995409
0.00000010000000656873
0.00000011000000995409
0.00000011000000995409
0.00000010000000656873
0.00000010000000656873
0.00000012000001333945
0.00000009000000318338
0.00000013000001672481
0.00000010000000656873
0.00000011000000995409
0.00000011000000995409
0.00000011000000995409
0.00000012000001333945
0.00000009000000318338
0.00000010000000656873
0.00000013000001672481
0.00000009000000318338
0.00000012000001333945
0.00000011000000995409
0.00000012000001333945
0.00000010000000656873
0.00000012000001333945
0.00000010000000656873
