0.00000037000008887844
0.00000010000000656873
0.00000038000009226380
0.00000041000010241987
0.00000040000009903451
0.00000045000011596130
0.00000044000011257594
0.00000047000012273202
0.00000042000010580523
0.00000043000010919059
0.00000044000011257594
0.00000048000012611737
0.00000048000012611737
0.00000047000012273202
0.00000050000013288809
0.00000047000012273202
0.00000050000013288809
0.00000049000012950273
0.00000046000011934666
0.00000048000012611737
0.00000050000013288809
0.00000052000013965880
0.00000052000013965880
0.00000054000014642952
0.00000050000013288809
0.00000052000013965880
0.00000052000013965880
0.00000052000013965880
0.00000141999960760586
0.00000053000014304416
0.00000050000013288809
0.00000052000013965880
0.00000055000014981488
0.00000052000013965880
0.00000054000014642952
0.00000040000009903451
0.00000052000013965880
0.00000053000014304416
0.00000051000013627345
0.00000055000014981488
0.00000051000013627345
0.00000050000013288809
0.00000052000013965880
0.00000050000013288809
0.00000050000013288809
0.00000066000015067402
0.00000051000013627345
0.00000054000014642952
0.00000051000013627345
